 &InitialConditions
 DaysSinceRain=           0
 Temp_C0=  -8.8501742160278701E-002
 GDD_1_0=   0.0000000000000000     
 GDD_2_0=   0.0000000000000000     
 LAIinitialEveTr=   4.0000000000000000     
 LAIinitialDecTr=   1.0000000000000000     
 LAIinitialGrass=   1.6000000000000001     
 AlbEveTr0=  0.13900000000000001     
 AlbDecTr0=  0.16700000000000001     
 AlbGrass0=  0.25000000000000000     
 DecidCap0=  0.29999999999999999     
 Porosity0=   1.0000000000000000     
 SoilStorePavedState=   149.98744882874408     
 SoilStoreBldgsState=   149.98744535688903     
 SoilStoreEveTrState=   149.99998637038760     
 SoilStoreDecTrState=   149.99997455284259     
 SoilStoreGrassState=   149.99997466997365     
 SoilStoreBSoilState=   149.98738261644564     
 PavedState=   6.2012758287493235E-003
 BldgsState=   3.4253923832960813E-005
 EveTrState=  0.18812269713082502     
 DecTrState=  0.13705640810786410     
 GrassState=  0.21293911369002860     
 BSoilState=   4.5848858087352447E-005
 WaterState=   6.5840211258199304     
 /
