 &InitialConditions
 DaysSinceRain=           0
 Temp_C0=   3.9343786295005852E-002
 GDD_1_0=   0.0000000000000000     
 GDD_2_0=   0.0000000000000000     
 LAIinitialEveTr=   4.0000000000000000     
 LAIinitialDecTr=   1.0000000000000000     
 LAIinitialGrass=   1.6000000000000001     
 AlbEveTr0=  0.13900000000000001     
 AlbDecTr0=  0.16700000000000001     
 AlbGrass0=  0.25000000000000000     
 DecidCap0=  0.29999999999999999     
 Porosity0=   1.0000000000000000     
 SoilStorePavedState=   149.98747144407250     
 SoilStoreBldgsState=   149.98746905160718     
 SoilStoreEveTrState=   149.99999512750537     
 SoilStoreDecTrState=   149.99998514782135     
 SoilStoreGrassState=   149.99998520611439     
 SoilStoreBSoilState=   149.98920062649250     
 PavedState=  0.10026645418683661     
 BldgsState=   9.8360227892780289E-002
 EveTrState=  0.17831059421380724     
 DecTrState=  0.14805956382182472     
 GrassState=  0.20149303613637304     
 BSoilState=   9.8308300848644642E-002
 WaterState=   1.2648477690426927     
 /
