 &InitialConditions
 DaysSinceRain=           0
 Temp_C0=  -8.8501742160278701E-002
 GDD_1_0=   0.0000000000000000     
 GDD_2_0=   0.0000000000000000     
 LAIinitialEveTr=   4.0000000000000000     
 LAIinitialDecTr=   1.0000000000000000     
 LAIinitialGrass=   1.6000000000000001     
 AlbEveTr0=  0.13900000000000001     
 AlbDecTr0=  0.16700000000000001     
 AlbGrass0=  0.24999999999999978     
 DecidCap0=  0.30000000000000027     
 Porosity0=   1.0000000000000000     
 SoilStorePavedState=   149.98850000034568     
 SoilStoreBldgsState=   149.98850000034568     
 SoilStoreEveTrState=   150.00000000000000     
 SoilStoreDecTrState=   150.00000000000000     
 SoilStoreGrassState=   150.00000000000000     
 SoilStoreBSoilState=   150.00000000000000     
 PavedState=   2.5536362445863610E-002
 BldgsState=   2.2209934127002530E-003
 EveTrState=  0.25137232042442714     
 DecTrState=  0.21027387528799782     
 GrassState=  0.27468314119774995     
 BSoilState=   1.5510047949470501E-002
 WaterState=   32.674699566936354     
 /
