 &InitialConditions
 DaysSinceRain=           0
 Temp_C0=  0.87839721254355274     
 GDD_1_0=   0.0000000000000000     
 GDD_2_0=   0.0000000000000000     
 LAIinitialEveTr=   4.0000000000000000     
 LAIinitialDecTr=   1.0000000000000000     
 LAIinitialGrass=   1.6000000000000001     
 AlbEveTr0=  0.13900000000000001     
 AlbDecTr0=  0.16700000000000001     
 AlbGrass0=  0.24999999999999978     
 DecidCap0=  0.30000000000000027     
 Porosity0=   1.0000000000000000     
 SoilStorePavedState=   149.98850000034568     
 SoilStoreBldgsState=   149.98850000034568     
 SoilStoreEveTrState=   150.00000000000000     
 SoilStoreDecTrState=   150.00000000000000     
 SoilStoreGrassState=   150.00000000000000     
 SoilStoreBSoilState=   150.00000000000000     
 PavedState=  0.21989367836329352     
 BldgsState=  0.20951969791656375     
 EveTrState=  0.76853160645620222     
 DecTrState=  0.73600004059510038     
 GrassState=  0.78950824409487530     
 BSoilState=  0.20966416228147552     
 WaterState=   27.168650200980643     
 /
