 &InitialConditions
 DaysSinceRain=           0
 Temp_C0=   11.362823752613245     
 GDD_1_0=   0.0000000000000000     
 GDD_2_0=   0.0000000000000000     
 LAIinitialEveTr=   4.0000000000000000     
 LAIinitialDecTr=   1.0000000000000000     
 LAIinitialGrass=   1.6000000000000001     
 AlbEveTr0=  0.13900000000000001     
 AlbDecTr0=  0.16700000000000001     
 AlbGrass0=  0.25000000000000017     
 DecidCap0=  0.30000000000000004     
 Porosity0=  0.99999999999999944     
 SoilStorePavedState=   112.54516763088438     
 SoilStoreBldgsState=   112.32054186528846     
 SoilStoreEveTrState=   71.239556751940484     
 SoilStoreDecTrState=   128.40171016679506     
 SoilStoreGrassState=   128.50337961262184     
 SoilStoreBSoilState=   83.754598558751724     
 PavedState=  0.17383619420352492     
 BldgsState=  0.17383619420352492     
 EveTrState=  0.81530334835524354     
 DecTrState=  0.71974476632805218     
 GrassState=  0.82947118410233811     
 BSoilState=  0.17685889380117778     
 WaterState=   6.4939064451566972     
 SnowWaterPavedState=   0.0000000000000000     
 SnowWaterBldgsState=   0.0000000000000000     
 SnowWaterEveTrState=   1.0000000000000000     
 SnowWaterDecTrState=   0.0000000000000000     
 SnowWaterGrassState=   0.0000000000000000     
 SnowWaterBSoilState=   1.0000000000000000     
 SnowWaterWaterState=   0.0000000000000000     
 SnowPackPaved=   0.0000000000000000     
 SnowPackBldgs=   0.0000000000000000     
 SnowPackEveTr=   1.0000000000000000     
 SnowPackDecTr=   0.0000000000000000     
 SnowPackGrass=   0.0000000000000000     
 SnowPackBSoil=   1.0000000000000000     
 SnowPackWater=   0.0000000000000000     
 SnowFracPaved=   0.0000000000000000     
 SnowFracBldgs=   0.0000000000000000     
 SnowFracEveTr=  0.10000000000000001     
 SnowFracDecTr=   0.0000000000000000     
 SnowFracGrass=   0.0000000000000000     
 SnowFracBSoil=  0.10000000000000001     
 SnowFracWater=   0.0000000000000000     
 SnowDensPaved=   100.00000000000000     
 SnowDensBldgs=   100.00000000000000     
 SnowDensEveTr=   449.69607510503886     
 SnowDensDecTr=   100.00000000000000     
 SnowDensGrass=   100.00000000000000     
 SnowDensBSoil=   449.69607510503886     
 SnowDensWater=   100.00000000000000     
 SnowAlb0=  0.17999999999999999     
 /
